1979 1 2 18 2.59 7.62 356.48
1979 2 7 12 1.22 5.1 1.28
1979 3 4 18 1.2 6.03 359.4
1979 4 5 3 0.9 5.36 2.84
1979 5 11 6 0.58 4.61 7.27
1979 6 4 15 0.44 2.83 270.52
1979 7 10 12 0.54 3.05 229.92
1979 8 28 0 0.67 3.04 224.92
1979 9 13 21 1.28 5.16 107.1
1979 10 30 21 1.71 6.44 0.57
1979 11 22 21 2.79 7.69 356.88
1979 12 24 0 1.37 5 10.89
1980 1 23 21 1.32 5.57 4.64
1980 2 10 0 1.01 4.27 41.48
1980 3 29 21 1.3 6.3 356.29
1980 4 13 3 1.14 6.08 356.95
1980 5 15 9 0.59 3.1 274.55
1980 6 28 6 0.5 2.71 243.93
1980 7 30 0 0.89 4.43 103.05
1980 8 10 0 0.88 4.05 95.5
1980 9 1 6 0.39 3.86 95.98
1980 10 29 0 1.4 4.85 11.08
1980 11 26 12 1.9 7.01 354.21
1980 12 10 18 1.27 5.97 356.95
1981 1 17 21 1.68 5.58 0.13
1981 2 2 0 1.68 6.54 358.07
1981 3 9 3 0.72 5.09 7.79
1981 4 4 18 1.25 5.48 5.69
1981 5 15 15 0.54 2.92 260.47
1981 6 28 9 0.45 4.1 99.37
1981 7 29 3 0.43 2.55 214.78
1981 8 24 0 0.63 3.34 82.13
1981 9 21 3 0.82 3.38 97.74
1981 10 31 18 1.19 5.53 359.38
1981 11 30 21 1.55 5.66 9.3
1981 12 1 18 1.7 6.39 357.7
1982 1 14 18 1.73 6.73 357.1
1982 2 1 0 1.31 6.42 358.08
1982 3 20 3 1.1 5.54 8.47
1982 4 22 12 1.09 6.52 356.96
1982 5 27 9 0.6 3.21 269.01
1982 6 27 12 0.47 2.79 232.82
1982 7 21 3 0.76 3.78 86.23
1982 8 19 21 0.47 2.58 180.97
1982 9 22 21 1.06 4.27 111.53
1982 10 28 15 1.12 5.84 359.41
1982 11 12 3 1.64 5.78 10.67
1982 12 4 0 1.5 5.4 7.42
1983 1 2 9 1.48 5.96 358.6
1983 2 20 18 1.29 6.77 353.07
1983 3 4 0 1.46 4.9 217.23
1983 4 9 21 0.99 4.57 28.06
1983 5 3 15 1.69 6.47 358.17
1983 6 26 15 0.48 2.91 279.47
1983 7 8 0 0.71 3.94 103.66
1983 8 13 12 0.74 3.14 269.89
1983 9 11 0 1.21 4.62 104.98
1983 10 6 3 0.98 5.21 19.68
1983 11 24 21 1.37 5.43 16.75
1983 12 6 12 1.96 6.12 3.09
1984 1 25 18 1.39 5.99 356.1
1984 2 27 18 1.99 6.87 357.44
1984 3 6 6 1.25 5.56 3.91
1984 4 29 18 2 6.08 14.37
1984 5 1 0 0.52 4.87 0.64
1984 6 29 3 0.62 3.97 89.79
1984 7 8 6 1.72 6.28 113.57
1984 8 8 9 0.45 3.07 123.27
1984 9 7 18 2.21 6.38 110.68
1984 10 19 18 0.67 4.79 5.63
1984 11 27 21 2.23 6.87 358.98
1984 12 22 18 1.42 6.01 359.78
1985 1 2 12 1.98 6.47 358.48
1985 2 11 21 1.8 6.72 358.42
1985 3 31 15 1.74 6.26 2.15
1985 4 1 0 1.38 6.56 358.55
1985 5 19 12 0.49 2.93 265.06
1985 6 10 12 0.59 2.92 241.46
1985 7 5 3 0.76 3.54 97.3
1985 8 26 9 0.42 4.37 122.37
1985 9 21 21 0.5 4.64 359.72
1985 10 19 21 0.8 4.74 14.8
1985 11 15 3 1.69 6.5 359.06
1985 12 13 21 1.94 6.37 2.73
1986 1 8 0 1.82 6.81 356.42
1986 2 22 18 1.57 7.07 355.7
1986 3 20 18 1.44 5.93 1.53
1986 4 25 15 0.79 5.57 14.87
1986 5 7 12 0.53 2.95 270.87
1986 6 3 9 0.44 4.33 103.37
1986 7 28 3 0.54 3.1 225.26
1986 8 23 9 0.77 4.84 105.64
1986 9 23 6 0.69 6.75 113.57
1986 10 2 9 1.67 9.03 114.39
1986 11 15 21 1.9 6.13 7.96
1986 12 11 12 1.65 6.47 359.01
1987 1 18 18 2.19 6.62 1.13
1987 2 28 18 1.43 5.3 10.44
1987 3 23 21 1.79 6.22 6
1987 4 1 0 0.81 6.07 354.23
1987 5 26 12 0.48 2.89 260.31
1987 6 22 12 0.52 2.85 263.02
1987 7 31 21 1.3 4.94 108.2
1987 8 1 0 1.45 5.3 109.46
1987 9 30 0 0.48 3 87.18
1987 10 26 0 0.99 5.17 7.66
1987 11 16 15 1.36 5.7 3.07
1987 12 27 18 2.45 6.97 2.46
1988 1 21 15 1.86 6.31 356.69
1988 2 20 21 1.82 6.17 0.67
1988 3 18 15 1.37 5.94 359.19
1988 4 1 18 1.42 5.64 4.19
1988 5 2 21 1.8 6.72 355.63
1988 6 18 12 0.49 2.87 264.18
1988 7 15 6 0.47 3.6 97.04
1988 8 19 3 1.29 5.3 101.18
1988 9 16 6 0.57 4.89 4.07
1988 10 9 3 0.66 4.25 9.05
1988 11 19 21 1.9 6.09 12.05
1988 12 27 21 2.11 6.39 7.12
1989 1 9 0 2.15 6.78 358.67
1989 2 22 15 1.41 6.4 358.19
1989 3 5 15 1.49 6.23 359.06
1989 4 27 18 0.71 5.45 358.91
1989 5 16 12 0.53 2.91 266.54
1989 6 22 3 0.59 2.98 270.58
1989 7 28 3 0.54 3.78 100.22
1989 8 3 0 0.76 3.79 104.55
1989 9 22 0 1.14 6.34 357.2
1989 10 24 0 1.02 5.65 6.6
1989 11 29 21 1.72 7.21 353.64
1989 12 12 12 1.73 6.81 357.23
1990 1 7 21 1.84 6.13 0.2
1990 2 3 18 1.92 6.43 2.95
1990 3 14 21 2.17 6.6 3.16
1990 4 10 3 0.53 4.04 23.12
1990 5 30 6 0.61 4.82 9.77
1990 6 28 3 0.71 3.35 231.94
1990 7 9 18 1.18 4.71 104.4
1990 8 26 21 0.91 4.47 96.65
1990 9 13 0 0.69 3.58 97.37
1990 10 21 21 1.54 5.42 10.32
1990 11 9 0 1.86 6.09 5.21
1990 12 23 21 2.12 6.1 17.81
1991 1 30 18 1.53 5.84 4.19
1991 2 20 12 2.05 6.46 358.83
1991 3 4 3 1.77 6.5 359.87
1991 4 14 21 0.81 4.84 7.07
1991 5 5 21 0.85 5 3.18
1991 6 1 12 0.47 2.87 255.36
1991 7 2 12 0.47 2.86 240.29
1991 8 11 3 0.49 3.52 100.07
1991 9 17 3 0.56 3.2 94.26
1991 10 31 21 1.76 6.29 0.3
1991 11 20 12 2.2 7.05 357.13
1991 12 2 6 1.95 6.08 7.19
1992 1 14 3 1.54 5.71 4.52
1992 2 18 21 1.36 5.46 3.37
1992 3 10 21 1.06 5.07 17.66
1992 4 2 3 0.65 3.15 249.46
1992 5 9 15 0.5 2.84 243.83
1992 6 28 3 0.54 2.87 226.62
1992 7 6 21 0.86 11.65 136.64
1992 8 23 15 0.88 3.81 192.96
1992 9 19 12 1.05 4.79 109.03
1992 10 26 6 0.5 4.26 18.11
1992 11 27 0 2.02 6.76 357.56
1992 12 9 18 1.53 5.44 9.08
1993 1 21 15 1.58 6.41 358.2
1993 2 11 18 1.21 4.86 12.62
1993 3 6 18 1.3 6.4 356.75
1993 4 8 21 0.83 4.93 0.52
1993 5 5 12 0.56 3.09 239.35
1993 6 4 12 0.53 2.85 278.82
1993 7 21 0 0.78 4.35 81.95
1993 8 24 6 1.66 6.72 113.11
1993 9 23 6 1.59 5.95 108.46
1993 10 20 15 1.33 5.57 4.47
1993 11 20 18 1.65 7.15 355.43
1993 12 24 12 2.19 7.23 356.54
1994 1 7 21 1.83 6.54 358.1
1994 2 1 18 2 6.78 357.23
1994 3 9 21 1.08 4.84 8.28
1994 4 12 0 0.95 4.83 7.7
1994 5 1 0 0.64 4.79 3.93
1994 6 6 12 0.5 2.86 246.82
1994 7 1 6 0.47 2.76 236.25
1994 8 13 3 1.22 4.54 106.21
1994 9 23 0 0.54 3.91 17.6
1994 10 21 21 0.88 5.31 6.51
1994 11 20 15 1.92 6.42 359.21
1994 12 10 15 1.84 6.84 355.9
1995 1 29 18 1.73 6.74 357
1995 2 1 0 0.9 6.27 351.61
1995 3 26 18 1.26 5.32 4.53
1995 4 11 12 1.2 5.95 359.07
1995 5 7 6 0.62 3.13 280.18
1995 6 18 9 0.66 5.24 5.54
1995 7 19 6 0.55 4 121.98
1995 8 11 12 1.93 6.49 112.4
1995 9 4 21 3.6 9.61 114.27
1995 10 20 21 1.09 6.01 356.83
1995 11 28 21 1.08 5.24 1.4
1995 12 15 18 1.34 6.38 357.48
1996 1 24 0 1.88 5.8 12.09
1996 2 24 3 0.79 5 6.57
1996 3 1 21 1.72 6.51 358.05
1996 4 20 18 0.51 5.43 357.52
1996 5 24 12 0.52 3.03 266.65
1996 6 4 6 0.47 2.85 233.76
1996 7 22 3 0.56 2.9 236.72
1996 8 26 0 0.92 4.64 98.16
1996 9 13 21 3.06 6.98 105.18
1996 10 22 18 1.46 6.67 354.56
1996 11 7 15 1.55 5.95 1.61
1996 12 16 21 2.03 7.26 352.82
1997 1 10 6 1.13 4.82 3.34
1997 2 7 18 1.51 6.34 359.35
1997 3 2 18 1.53 5.96 3.03
1997 4 25 15 0.77 3.57 257.92
1997 5 25 15 0.52 3.01 240.66
1997 6 21 15 0.46 2.84 240.03
1997 7 30 0 0.71 3.89 95.98
1997 8 15 3 0.47 2.74 218.68
1997 9 23 9 1.74 5.76 111.21
1997 10 13 0 2.18 6.83 0.63
1997 11 16 15 1.62 6.22 358.7
1997 12 11 0 2.82 7.54 357.81
1998 1 7 6 1.68 6.42 358.86
1998 2 21 21 1.67 5.61 12.26
1998 3 8 21 1.69 6.28 359.81
1998 4 9 0 1.25 5.48 8.18
1998 5 15 3 1.11 5.42 13.9
1998 6 2 0 0.75 5.52 2.82
1998 7 17 3 0.82 5.73 99.41
1998 8 8 15 1.08 4.85 118.31
1998 9 3 0 1.75 6.26 81.66
1998 10 18 18 1.38 6.01 358.19
1998 11 14 18 1.56 6.07 359.02
1998 12 8 0 2.19 6.4 10.39
1999 1 29 21 1.91 6.05 5.67
1999 2 11 18 2.14 7.19 356.43
1999 3 13 21 1.23 5.94 358.56
1999 4 8 18 1.28 5.69 5.49
1999 5 2 15 0.49 4.94 3.2
1999 6 2 0 0.76 5.05 8.23
1999 7 26 12 0.48 2.82 257.68
1999 8 24 0 1.83 6.01 108.4
1999 9 8 6 1.77 5.9 104.39
1999 10 31 18 1.12 5.96 356.32
1999 11 25 0 1.97 6.81 356.99
1999 12 12 21 1.83 5.92 4.82
2000 1 4 12 1.93 7 355.84
2000 2 26 21 1.47 5.74 4.36
2000 3 11 21 1.15 6.6 355.11
2000 4 23 3 0.77 5.2 11.83
2000 5 11 15 0.52 3.04 238.43
2000 6 24 0 0.69 3.66 102.34
2000 7 29 3 0.63 3.28 216.47
2000 8 23 3 0.59 3.98 95.99
2000 9 10 6 1.25 5.17 120.31
2000 10 23 0 0.95 3.83 216.6
2000 11 19 6 1.74 6.58 357.55
2000 12 19 18 1.6 7.05 354.65
2001 1 19 12 1.56 5.72 359.31
2001 2 2 21 1.68 6.16 358.72
2001 3 3 0 0.65 3.86 11.4
2001 4 22 21 1.12 5.16 10.2
2001 5 17 15 0.65 3.34 292.28
2001 6 4 15 0.51 2.91 254.69
2001 7 25 6 0.48 4.44 111.19
2001 8 18 3 0.53 3.54 93.99
2001 9 28 12 5.46 8.98 108.1
2001 10 1 0 0.78 4.15 196.74
2001 11 28 18 1.77 6.26 1.24
2001 12 13 21 2.07 6.18 11.55
2002 1 31 18 2.32 6.44 11.27
2002 2 1 0 2.2 6.62 4.79
2002 3 19 21 1.82 5.73 14.24
2002 4 26 0 0.91 5.29 3.04
2002 5 22 12 0.78 5.75 2.43
2002 6 10 12 0.58 3.05 250.45
2002 7 3 15 0.51 3.01 250.9
2002 8 28 6 0.41 2.68 237.16
2002 9 17 3 1.08 4.85 103.11
2002 10 4 21 0.84 4.37 10.61
2002 11 12 18 1.46 6.93 352.93
2002 12 19 21 1.84 6.04 4.21
2003 1 2 18 1.34 6.28 355.99
2003 2 21 21 1.14 5.34 6.33
2003 3 30 18 1.32 6.88 352.39
2003 4 9 0 0.57 4.57 2.23
2003 5 5 6 0.62 4.67 15.44
2003 6 5 15 0.52 3.01 257.14
2003 7 13 3 0.71 3.08 245.81
2003 8 25 0 1.53 6.04 95.21
2003 9 22 15 2.68 7.3 107.82
2003 10 28 0 1.11 4.75 5.84
2003 11 24 0 1.85 6.43 0.72
2003 12 28 21 2.71 7.65 355.37
2004 1 14 3 1.6 4.98 60.07
2004 2 7 12 1.7 6.51 353.33
2004 3 6 21 1.12 5.16 21.85
2004 4 19 3 0.89 5.61 4.36
2004 5 27 12 0.49 2.84 254.2
2004 6 8 15 0.47 2.85 245.17
2004 7 14 3 0.61 10.91 139.66
2004 8 23 6 0.57 4.02 93.1
2004 9 19 6 0.72 3.56 195.92
2004 10 31 0 0.81 4.51 7.52
2004 11 30 15 2.36 7.12 359.5
2004 12 1 0 2.01 6.95 357.19
2005 1 13 12 1.9 6.32 0.84
2005 2 2 21 1.08 5.54 359.07
2005 3 27 15 1.45 6.18 3.4
2005 4 1 12 1.44 6.85 357
2005 5 1 0 0.67 4.98 3.58
2005 6 4 12 0.47 2.85 252.89
2005 7 21 0 0.89 4.45 99.78
2005 8 23 6 0.65 3.64 116.91
2005 9 30 21 1.08 4.36 105.29
2005 10 1 0 1.11 4.66 103.51
2005 11 28 21 2.42 7.2 356.86
2005 12 5 15 1.63 6.35 358.41
2006 1 17 21 2.27 6.85 358.6
2006 2 12 21 1.23 6.22 355.84
2006 3 14 3 1.28 5.59 10.62
2006 4 7 0 1.02 5.29 6.6
2006 5 22 3 0.48 2.92 256.94
2006 6 8 9 0.52 2.86 259.22
2006 7 26 3 2.18 6.42 110.65
2006 8 29 0 0.75 4.33 98.18
2006 9 2 9 2.76 8.24 111.8
2006 10 28 0 1.56 6.65 357.85
2006 11 30 18 2.69 7.66 357.15
2006 12 1 0 2.45 7.86 354.53
2007 1 8 15 1.98 7.16 353.08
2007 2 16 12 2.02 7.19 356.97
2007 3 3 15 1.94 6.84 358.43
2007 4 18 0 0.95 4.86 11.23
2007 5 2 12 0.54 3.04 271.49
2007 6 1 3 0.6 3.11 279.47
2007 7 26 3 0.96 4.86 109.57
2007 8 19 18 0.77 8.29 125.94
2007 9 5 3 2.64 8.02 110.55
2007 10 22 21 1.77 6.92 353.87
2007 11 30 0 0.95 5.35 2.81
2007 12 22 21 2.3 6.89 359.46
2008 1 31 21 1.64 5.61 7.24
2008 2 6 18 1.77 6.56 0.51
2008 3 7 15 1.45 6.34 357.81
2008 4 18 15 0.97 6.51 356.48
2008 5 23 3 0.91 3.76 238.43
2008 6 5 12 0.71 3.3 264.01
2008 7 4 3 1.02 4.42 94.24
2008 8 25 0 1.02 4.92 102.8
2008 9 11 9 1.18 5.15 123.59
2008 10 11 18 1.56 5.32 139.47
2008 11 30 21 1.13 5.57 358.14
2008 12 11 0 1.62 5.64 3.24
2009 1 11 15 2.04 7.58 353.15
2009 2 19 18 1.22 5.62 359.92
2009 3 24 21 0.91 5.66 357.73
2009 4 17 18 1.18 5.55 1.79
2009 5 25 9 0.5 2.91 265.15
2009 6 21 12 0.44 2.67 261.78
2009 7 22 3 0.43 2.49 256.86
2009 8 1 3 0.51 2.89 266.11
2009 9 2 6 3.32 6.88 111.4
2009 10 30 21 1.95 6.03 5.69
2009 11 16 18 1.18 5.92 356.52
2009 12 15 21 1.54 5.88 2.99
2010 1 1 18 1.89 6.52 358.57
2010 2 24 15 2.12 7.24 355.19
2010 3 12 18 1.83 6.73 359.9
2010 4 7 21 0.9 5.67 356.72
2010 5 31 9 0.77 2.89 254.14
2010 6 13 9 0.81 2.56 255.93
2010 7 3 6 0.65 5.26 98.38
2010 8 24 6 0.95 2.91 244.23
2010 9 22 0 0.8 5.53 110.77
2010 10 5 9 0.79 2.77 244.68
2010 11 30 21 2.13 6.9 357.41
2010 12 1 0 2.13 7.2 356.49
2011 1 5 21 1.32 6.09 0.82
2011 2 3 9 2.29 7.53 356.25
2011 3 1 0 0.95 5.58 1.23
2011 4 11 12 1.07 6.15 359.59
2011 5 2 0 1.51 6.11 358.69
2011 6 12 9 0.76 3.42 235.07
2011 7 29 9 0.9 2.64 255.03
2011 8 2 6 0.79 2.94 246.6
2011 9 10 9 0.91 2.6 230.63
2011 10 28 0 1.11 5.64 0.27
2011 11 26 21 1.8 6.04 359.42
2011 12 24 0 2.5 7.13 0.49
2012 1 25 18 1.16 6.34 356.01
2012 2 29 21 0.86 5.31 4.15
2012 3 3 18 1.72 7.1 357.06
2012 4 16 0 0.88 5.06 2.73
2012 5 9 9 0.82 2.88 260.2
2012 6 29 9 0.85 2.78 235.45
2012 7 14 9 0.85 2.87 244.53
2012 8 16 0 1.03 4.53 111.09
2012 9 3 15 1.18 4.29 108.45
2012 10 16 18 2.28 5.61 113.29
2012 11 12 0 1.55 5.67 2.94
2012 12 20 15 1.57 6.12 356.5
2013 1 15 18 2.34 6.89 1.16
2013 2 25 18 1.91 6.96 358.41
2013 3 1 21 1.84 6.85 357
2013 4 19 12 1.12 6.82 354.3
2013 5 3 15 0.92 3.41 252.6
2013 6 17 6 0.85 2.71 250.4
2013 7 9 3 0.7 8.74 130.15
2013 8 24 9 1.81 5.88 118.27
2013 9 7 6 1.02 5.15 116.05
2013 10 15 9 1.04 4.16 182.5
2013 11 26 21 1.5 5.71 0.03
2013 12 15 3 1.68 6.39 358.77
2014 1 14 21 1.57 6.67 358.06
2014 2 9 21 0.77 5.37 0.68
2014 3 17 0 1.99 6.76 359.43
2014 4 8 18 0.94 5.68 354.12
2014 5 1 12 0.74 6.77 350.44
2014 6 7 12 0.52 3.06 225.32
2014 7 11 9 0.49 2.98 241.88
2014 8 25 21 0.49 3.18 115.49
2014 9 15 12 7.31 10.34 116.27
2014 10 3 21 1.01 6.23 353.14
2014 11 25 21 2.29 6.76 358.76
2014 12 28 0 1.74 5.86 0.37
